1.000000000000000056e-01
1.313999999999999890e-01
1.050999999999999990e-01
3.355000000000000204e-01
3.714999999999999969e-01
3.229000000000000203e-01
4.379000000000000115e-01
3.242999999999999772e-01
5.088000000000000300e-01
5.322000000000000064e-01
5.987999999999999989e-01
5.824000000000000288e-01
4.716000000000000192e-01
5.701000000000000512e-01
6.580000000000000293e-01
5.633000000000000229e-01
5.989999999999999769e-01
6.947999999999999732e-01
6.693999999999999950e-01
7.598000000000000309e-01
7.375000000000000444e-01
