1.000000000000000056e-01
2.218999999999999861e-01
1.009000000000000036e-01
4.429000000000000159e-01
3.688000000000000167e-01
3.245999999999999996e-01
5.164999999999999591e-01
5.544999999999999929e-01
4.868000000000000105e-01
5.073999999999999622e-01
6.653000000000000025e-01
5.663000000000000256e-01
6.127000000000000224e-01
6.015000000000000346e-01
5.933000000000000496e-01
7.020999999999999464e-01
5.996000000000000218e-01
6.682000000000000162e-01
5.852000000000000535e-01
6.508000000000000451e-01
6.768999999999999462e-01
