1.000000000000000056e-01
1.032000000000000001e-01
3.961999999999999966e-01
1.923999999999999877e-01
4.316999999999999726e-01
2.821000000000000174e-01
5.093999999999999639e-01
4.979999999999999982e-01
5.302000000000000046e-01
5.457999999999999519e-01
6.051999999999999602e-01
6.290999999999999925e-01
6.622999999999999998e-01
5.477999999999999536e-01
6.182999999999999607e-01
6.936999999999999833e-01
6.086000000000000298e-01
6.149000000000000021e-01
5.473000000000000087e-01
7.496000000000000441e-01
6.031999999999999584e-01
