1.000000000000000056e-01
1.829999999999999960e-01
1.993000000000000049e-01
2.109999999999999931e-01
3.430000000000000271e-01
3.608000000000000096e-01
3.502000000000000113e-01
4.403000000000000247e-01
5.461000000000000298e-01
6.133999999999999453e-01
4.922000000000000264e-01
5.646999999999999797e-01
5.626999999999999780e-01
6.241999999999999771e-01
6.615999999999999659e-01
7.133000000000000451e-01
6.942000000000000393e-01
7.203000000000000513e-01
7.074000000000000288e-01
6.166000000000000369e-01
6.717999999999999527e-01
