1.000000000000000056e-01
1.572000000000000064e-01
2.283000000000000029e-01
3.457999999999999963e-01
2.936000000000000276e-01
2.081000000000000072e-01
5.702000000000000401e-01
5.411000000000000254e-01
5.601000000000000423e-01
6.032999999999999474e-01
7.089999999999999636e-01
6.709000000000000519e-01
7.618000000000000327e-01
4.324999999999999956e-01
6.627999999999999448e-01
6.676999999999999602e-01
5.974000000000000421e-01
6.886999999999999789e-01
6.856999999999999762e-01
6.232999999999999652e-01
6.371999999999999886e-01
