1.000000000000000056e-01
6.529000000000000359e-01
8.696000000000000396e-01
8.851999999999999869e-01
8.800000000000000044e-01
8.747000000000000330e-01
9.096999999999999531e-01
8.860000000000000098e-01
8.931999999999999940e-01
8.556000000000000272e-01
7.096000000000000085e-01
8.486000000000000210e-01
5.782000000000000473e-01
9.413000000000000256e-01
6.945000000000000062e-01
9.134999999999999787e-01
6.570000000000000284e-01
9.223999999999999977e-01
6.641000000000000236e-01
8.804999999999999494e-01
7.554999999999999494e-01
