1.000000000000000056e-01
3.052000000000000268e-01
1.280000000000000027e-01
4.919000000000000039e-01
4.960999999999999854e-01
5.054999999999999494e-01
5.062999999999999723e-01
5.916000000000000147e-01
4.974000000000000088e-01
5.924000000000000377e-01
6.461999999999999966e-01
6.048999999999999932e-01
6.126000000000000334e-01
4.663999999999999813e-01
5.773000000000000353e-01
7.249999999999999778e-01
6.765999999999999792e-01
6.720000000000000417e-01
5.688999999999999613e-01
6.663000000000000034e-01
7.103000000000000425e-01
