1.000000000000000056e-01
1.550999999999999879e-01
9.950000000000000511e-02
2.501999999999999780e-01
3.538000000000000034e-01
3.271000000000000019e-01
3.030999999999999805e-01
4.746000000000000218e-01
5.907000000000000028e-01
6.451000000000000068e-01
5.366999999999999549e-01
6.301999999999999824e-01
5.736999999999999877e-01
6.424999999999999600e-01
7.422999999999999599e-01
6.875999999999999890e-01
7.295000000000000373e-01
7.457000000000000295e-01
7.295000000000000373e-01
6.650000000000000355e-01
6.752000000000000224e-01
