1.000000000000000056e-01
8.244000000000000217e-01
8.937000000000000499e-01
8.980000000000000204e-01
9.075999999999999623e-01
8.927000000000000490e-01
9.325999999999999845e-01
9.091000000000000192e-01
9.258999999999999453e-01
7.578000000000000291e-01
8.828000000000000291e-01
8.226999999999999869e-01
9.260000000000000453e-01
6.840000000000000524e-01
9.622000000000000552e-01
8.796000000000000485e-01
8.223000000000000309e-01
9.387999999999999678e-01
7.311999999999999611e-01
9.546999999999999931e-01
8.983999999999999764e-01
