1.000000000000000056e-01
8.910000000000000142e-01
9.282000000000000250e-01
9.441000000000000503e-01
9.483000000000000318e-01
9.533000000000000362e-01
9.588999999999999746e-01
9.589999999999999636e-01
9.609999999999999654e-01
9.624000000000000332e-01
9.649999999999999689e-01
9.663000000000000478e-01
9.671999999999999487e-01
9.646000000000000130e-01
9.670999999999999597e-01
9.654000000000000359e-01
9.661999999999999478e-01
9.675000000000000266e-01
9.666000000000000147e-01
9.678999999999999826e-01
9.671999999999999487e-01
