1.000000000000000056e-01
3.833999931812286377e-01
3.379999995231628418e-01
4.009000062942504883e-01
6.310999989509582520e-01
4.092999994754791260e-01
2.131000012159347534e-01
1.995999962091445923e-01
2.307000011205673218e-01
2.176000028848648071e-01
1.772000044584274292e-01
3.082999885082244873e-01
2.700999975204467773e-01
1.827999949455261230e-01
2.105000019073486328e-01
1.439999938011169434e-01
2.355999946594238281e-01
2.377000004053115845e-01
1.905999928712844849e-01
1.310999989509582520e-01
1.554999947547912598e-01
