1.000000000000000056e-01
8.670999999999999819e-01
9.243999999999999995e-01
9.482000000000000428e-01
9.546000000000000041e-01
9.609999999999999654e-01
9.649999999999999689e-01
9.664000000000000368e-01
9.684000000000000385e-01
9.704000000000000403e-01
9.717000000000000082e-01
9.729999999999999760e-01
9.735000000000000320e-01
9.734000000000000430e-01
9.750999999999999668e-01
9.758999999999999897e-01
9.762999999999999456e-01
9.769999999999999796e-01
9.772999999999999465e-01
9.774000000000000465e-01
9.778999999999999915e-01
