1.000000000000000056e-01
3.192999999999999727e-01
3.009999999999999898e-01
4.418000000000000260e-01
6.512000000000000011e-01
3.538999999999999924e-01
5.903000000000000469e-01
5.713000000000000300e-01
5.420000000000000373e-01
4.476999999999999869e-01
6.451000000000000068e-01
7.296000000000000263e-01
6.856999999999999762e-01
5.782000000000000473e-01
6.118000000000000105e-01
6.540000000000000258e-01
6.733000000000000096e-01
6.111999999999999655e-01
5.132999999999999785e-01
6.864000000000000101e-01
5.969999999999999751e-01
