1.000000000000000056e-01
1.373999999999999944e-01
4.107999999999999985e-01
4.828999999999999959e-01
6.189000000000000057e-01
5.221999999999999975e-01
5.527999999999999581e-01
6.170999999999999819e-01
7.577000000000000401e-01
5.928999999999999826e-01
7.275000000000000355e-01
7.037999999999999812e-01
6.493999999999999773e-01
6.380000000000000115e-01
6.354999999999999538e-01
6.491999999999999993e-01
6.479000000000000314e-01
5.480000000000000426e-01
8.056999999999999718e-01
7.266000000000000236e-01
6.576999999999999513e-01
