1.000000000000000056e-01
1.834000000000000075e-01
1.156999999999999973e-01
3.603999999999999981e-01
4.195999999999999730e-01
5.325999999999999623e-01
4.945999999999999841e-01
5.625000000000000000e-01
6.182999999999999607e-01
6.108999999999999986e-01
5.872000000000000552e-01
6.844999999999999973e-01
6.995999999999999996e-01
6.266000000000000458e-01
7.959000000000000519e-01
8.650999999999999801e-01
8.911000000000000032e-01
8.474000000000000421e-01
7.490999999999999881e-01
6.893000000000000238e-01
7.432999999999999607e-01
