1.000000000000000056e-01
1.179000000000000048e-01
3.007000000000000228e-01
3.659000000000000030e-01
5.088000000000000300e-01
4.146000000000000241e-01
4.606000000000000094e-01
4.027000000000000024e-01
5.684000000000000163e-01
6.148000000000000131e-01
6.229999999999999982e-01
7.022000000000000464e-01
6.432999999999999829e-01
6.987999999999999767e-01
6.410000000000000142e-01
7.135000000000000231e-01
5.586999999999999744e-01
5.262999999999999901e-01
6.360000000000000098e-01
6.705999999999999739e-01
7.372999999999999554e-01
