1.000000000000000056e-01
3.855999999999999983e-01
3.499999999999999778e-01
3.624999999999999889e-01
3.280000000000000138e-01
3.680999999999999828e-01
4.366999999999999771e-01
5.231999999999999984e-01
5.597999999999999643e-01
6.543999999999999817e-01
6.785999999999999810e-01
7.597000000000000419e-01
6.746999999999999664e-01
7.093000000000000416e-01
7.567000000000000393e-01
6.493999999999999773e-01
6.583999999999999853e-01
6.624999999999999778e-01
6.853000000000000203e-01
5.610000000000000542e-01
6.090999999999999748e-01
