1.000000000000000056e-01
6.529000000000000359e-01
8.662999999999999590e-01
8.758000000000000229e-01
9.005999999999999561e-01
9.145999999999999686e-01
9.133000000000000007e-01
9.127999999999999448e-01
8.639000000000000012e-01
8.806000000000000494e-01
8.498999999999999888e-01
7.196000000000000174e-01
9.293000000000000149e-01
8.070000000000000506e-01
6.372999999999999776e-01
9.455000000000000071e-01
3.920000000000000151e-01
9.580999999999999517e-01
8.148999999999999577e-01
9.116999999999999549e-01
5.857999999999999874e-01
